<?xml version="1.0"?>
<opencv_storage>
<image_width>640</image_width>
<image_height>480</image_height>
<camera_matrix type_id="opencv-matrix">
  <rows>3</rows>
  <cols>3</cols>
  <dt>d</dt>
  <data>
    6.2118907968360020e+02 0. 320. 0. 6.1199872307572628e+02 240. 0. 0.
    1.</data></camera_matrix>
<distorsion_coefficients type_id="opencv-matrix">
  <rows>1</rows>
  <cols>5</cols>
  <dt>d</dt>
  <data>
    -2.1114731301704170e-01 -1.3159739323879445e+00 0. 0.
    1.1240202867861409e+01</data></distorsion_coefficients>
</opencv_storage>
